-0.3004, -0.2169, -1.0771, -0.5164, -0.7709, -0.7710, -1.2830, -1.6797,
         -1.1730, -1.0769, -0.4908, -1.1378, -1.3348, -0.5065, -0.6625, -0.9953],
        [ 1.0957,  1.0400,  0.9284,  0.8826,  1.1148,  0.7463,  0.9461,  1.0791,
          0.7582,  0.7315,  0.7639,  0.7898,  0.7428,  0.6035,  1.0005,  1.0639],
        [-0.2390, -0.0120,  0.0378,  0.0904, -0.2583, -0.1464,  0.2759,  0.4861,
          0.4203,  0.5591,  0.3450,  0.2590,  0.4113,  0.1622,  0.2664,  0.0700],
        [-0.8294, -0.9916, -0.9245, -0.6571, -0.7266, -1.0569, -0.9368, -0.7425,
         -0.9354, -0.8992, -0.6234, -0.9698, -0.7820, -0.6893, -0.8006, -0.8374],
        [-0.7291, -0.9832, -0.8594, -0.7293, -0.6633, -1.1388, -1.0332, -0.8140,
         -0.6578, -1.0276, -0.6639, -0.9457, -0.7029, -1.0481, -0.9973, -0.8394]])
0.bias tensor([ 6.1925, -6.1440,  0.5309, -1.3099, -1.0006