[-0.4157, -0.3332, -1.0500, -0.6418, -0.7664, -0.5871, -1.2387, -1.8366,
         -1.4005, -1.2328, -0.6383, -1.1572, -1.3011, -0.3399, -0.7599, -1.1334],
        [ 1.0842,  0.9252,  0.9287,  0.7808,  1.1342,  0.8813,  1.0096,  0.9576,
          0.5366,  0.6338,  0.6006,  0.7002,  0.7381,  0.7811,  0.9431,  0.9788],
        [-0.2394, -0.0810,  0.0417, -0.0189, -0.2147,  0.0312,  0.3596,  0.3856,
          0.2477,  0.4843,  0.2193,  0.1920,  0.4075,  0.3676,  0.2572,  0.0352],
        [-0.7737, -0.6311, -0.7208, -1.0096, -0.7706, -0.9186, -0.8370, -0.8453,
         -0.8925, -0.5913, -0.8331, -0.6836, -1.0422, -0.7163, -0.7423, -1.0345],
        [-0.7570, -1.0641, -0.8686, -0.6845, -0.9389, -0.9435, -0.7243, -0.6775,
         -0.8241, -0.7034, -0.8161, -1.0225, -0.7373, -0.6300, -0.6070, -0.8949]])
0.bias tensor([ 6.6830, -5.9749,  0.6809, -1.2610, -0.9566